42.152731781259 -75.895938664056
42.152644205813 -75.895970885907
42.152558411625 -75.896001771815
42.15241398165 -75.89603
42.152347963299 -75.89603
42.152281944949 -75.89603
42.152167147765 -75.89603
42.152084295529 -75.89603
42.152001443294 -75.89603
42.151918591058 -75.89603
42.151835738823 -75.89603
42.151752886588 -75.89603
42.151626258966 -75.896020564391
42.151542517932 -75.896011128781
42.151458776898 -75.896001693172
42.151375035863 -75.895992257562
42.151291294829 -75.895982821953
42.151207553795 -75.895973386343
42.151123812761 -75.895963950734
42.151040071727 -75.895954515124
42.150926667078 -75.895914691556
42.150853334156 -75.895879383112
42.150780001234 -75.895844074668
42.150649702388 -75.895808528913
42.150569404776 -75.895797057825
42.150489107165 -75.895785586738
42.150408809553 -75.89577411565
42.150328511941 -75.895762644563
42.150248214329 -75.895751173476
42.150088194345 -75.895768603376
42.150006388689 -75.895797206752
42.149924583034 -75.895825810128
42.149842777379 -75.895854413504
42.149760971723 -75.89588301688
42.149679166068 -75.895911620256
42.149597360413 -75.895940223632
42.149515554758 -75.895968827008
42.149433749102 -75.895997430384
42.149351943447 -75.89602603376
42.149270137792 -75.896054637136
42.149188332136 -75.896083240512
42.149106526481 -75.896111843888
42.149024720826 -75.896140447264
42.14894291517 -75.89616905064
42.148861109515 -75.896197654016
42.14877930386 -75.896226257392
42.148657510806 -75.896279683991
42.148575021612 -75.896319367981
42.148492532418 -75.896359051972
42.148410043224 -75.896398735962
42.14832755403 -75.896438419953
42.148245064836 -75.896478103944
42.148162575643 -75.896517787934
42.148080086449 -75.896557471925
42.147997597255 -75.896597155915
42.147915108061 -75.896636839906
42.147832618867 -75.896676523897
42.147750129673 -75.896716207887
42.147667640479 -75.896755891878
42.147585151285 -75.896795575868
42.147502662091 -75.896835259859
42.147420172897 -75.896874943849
42.147337683703 -75.89691462784
42.147255194509 -75.896954311831
42.147172705315 -75.896993995821
42.147090216122 -75.897033679812
42.147007726928 -75.897073363802
42.146925237734 -75.897113047793
42.146807934804 -75.897150516299
42.146725869608 -75.897171032598
42.146643804412 -75.897191548897
42.146561739216 -75.897212065196
42.14647967402 -75.897232581495
42.146397608824 -75.897253097794
42.146284962046 -75.897290879704
42.146199924093 -75.897321759408
42.146114886139 -75.897352639111
42.146029848186 -75.897383518815
42.145944810232 -75.897414398519
42.145859772279 -75.897445278223
42.145774734325 -75.897476157927
42.145689696372 -75.89750703763
42.145604658418 -75.897537917334
42.145519620464 -75.897568797038
42.145434582511 -75.897599676742
42.145349544557 -75.897630556446
42.145264506604 -75.897661436149
42.14517946865 -75.897692315853
42.145094430697 -75.897723195557
42.145009392743 -75.897754075261
42.14492435479 -75.897784954965
42.144839316836 -75.897815834668
42.144754278882 -75.897846714372
42.144669240929 -75.897877594076
42.144584202975 -75.89790847378
42.144495372314 -75.897947705404
42.144410744629 -75.897985410809
42.144326116943 -75.898023116213
42.144241489258 -75.898060821618
42.144156861572 -75.898098527022
42.144072233887 -75.898136232427
42.143987606201 -75.898173937831
42.143902978516 -75.898211643236
42.14381835083 -75.89824934864
42.143733723145 -75.898287054045
42.143649095459 -75.898324759449
42.143513464412 -75.898393256228
42.143456928825 -75.898426512456
42.143400393237 -75.898459768684
42.143316881782 -75.898504425254
42.143233763564 -75.898548850509
42.143150645346 -75.898593275763
42.143067527128 -75.898637701018
42.142984408911 -75.898682126272
42.142901290693 -75.898726551526
42.14275243284 -75.898767497513
42.14268486568 -75.898764995025
42.142617298521 -75.898762492538
42.14250268254 -75.89876
42.14245536508 -75.89876
42.14237079485 -75.898799602575
42.1422915897 -75.89883920515
42.142208672099 -75.898871975691
42.142127344199 -75.898913951381
42.142046016298 -75.898955927072
42.141907569304 -75.899040809593
42.141835138608 -75.899091619185
42.141762707912 -75.899142428778
42.141690277216 -75.899193238371
42.14161784652 -75.899244047963
42.141545415824 -75.899294857556
42.141472985128 -75.899345667149
42.141400554432 -75.899396476741
42.141328123736 -75.899447286334
42.141224060495 -75.899453861464
42.141138120991 -75.899447722928
42.141052181486 -75.899441584392
42.140966241981 -75.899435445856
42.140880302477 -75.89942930732
42.140794362972 -75.899423168784
42.140666501074 -75.899452502938
42.140583002149 -75.899485005875
42.140499503223 -75.899517508813
42.140416004297 -75.89955001175
42.140332505371 -75.899582514688
42.140249006446 -75.899615017625
42.14016550752 -75.899647520563
42.140082008594 -75.8996800235
42.139998509668 -75.899712526438
42.139915010743 -75.899745029375
42.139831511817 -75.899777532313
42.139748012891 -75.89981003525
42.139664513965 -75.899842538188
42.13958101504 -75.899875041125
42.139497516114 -75.899907544063
42.139414017188 -75.899940047001
42.139330518262 -75.899972549938
42.139183227008 -75.900027797118
42.139106454017 -75.900055594235
42.139029681025 -75.900083391353
42.138952908033 -75.900111188471
42.138876135042 -75.900138985588
42.13879936205 -75.900166782706
42.138722589058 -75.900194579824
42.138606416709 -75.900227593734
42.138532833419 -75.900255187468
42.138459250128 -75.900282781202
42.138385666837 -75.900310374936
42.138274539531 -75.900335633013
42.138189079062 -75.900351266025
42.138103618593 -75.900366899038
42.138018158124 -75.900382532051
42.137932697655 -75.900398165063
42.137847237186 -75.900413798076
42.137761776717 -75.900429431088
42.137676316248 -75.900445064101
42.137590855779 -75.900460697114
42.137462481784 -75.900513858991
42.137384963568 -75.900557717981
42.137307445352 -75.900601576972
42.137229927136 -75.900645435963
42.13715240892 -75.900689294953
42.137074890703 -75.900733153944
42.136997372487 -75.900777012935
42.136919854271 -75.900820871925
42.136842336055 -75.900864730916
42.136753193893 -75.900980418322
42.136726387785 -75.901060836644
42.136641757152 -75.901182358435
42.136583514304 -75.90122471687
42.136525271457 -75.901267075304
42.13643033674 -75.901340633577
42.136380673479 -75.901381267153
42.136287780987 -75.901371026382
42.136205561975 -75.901352052763
42.136123342962 -75.901333079145
42.136026775652 -75.901321677565
42.135943551305 -75.90131335513
42.135837927263 -75.901314804849
42.135765854525 -75.901319609698
42.135671555472 -75.901328146207
42.135583110945 -75.901336292413
42.135494666417 -75.901344438619
42.13540622189 -75.901352584826
42.135317777362 -75.901360731032
42.135229332834 -75.901368877239
42.135140888307 -75.901377023445
42.135052443779 -75.901385169652
42.134931313226 -75.901425836578
42.134862626451 -75.901461673156
42.134793939677 -75.901497509734
42.134688706532 -75.90155017953
42.134607413064 -75.90159035906
42.134526119596 -75.901630538591
42.134444826128 -75.901670718121
42.13436353266 -75.901710897651
42.134282239192 -75.901751077181
42.134200945724 -75.901791256711
42.134119652256 -75.901831436242
42.134038358788 -75.901871615772
42.133957065319 -75.901911795302
42.133848588804 -75.901982063705
42.133797177609 -75.902024127411
42.133725835677 -75.90210753189
42.133661671355 -75.90218506378
42.133597507032 -75.90226259567
42.133496963984 -75.902369247729
42.133443927967 -75.902418495459
42.133349343905 -75.902480328048
42.13328868781 -75.902510656095
42.133198954958 -75.90253291728
42.133094803272 -75.902521372364
42.133029606545 -75.902502744727
42.13293576445 -75.902462094003
42.1328515289 -75.902424188005
42.13276729335 -75.902386282008
42.1326830578 -75.90234837601
42.13259882225 -75.902310470013
42.1325145867 -75.902272564015
42.13243035115 -75.902234658018
42.1323461156 -75.90219675202
42.13226188005 -75.902158846023
42.1321776445 -75.902120940025
42.13209340895 -75.902083034028
42.1320091734 -75.90204512803
42.13192493785 -75.902007222033
42.131840702301 -75.901969316035
42.131756466751 -75.901931410038
42.131672231201 -75.90189350404
42.131587995651 -75.901855598043
42.131503760101 -75.901817692045
42.131360415304 -75.901770069217
42.131300830608 -75.901760138435
42.131241245912 -75.901750207652
42.131120985303 -75.90181000639
42.131051970606 -75.90184001278
42.130982955908 -75.90187001917
42.130875028079 -75.901857086223
42.130790056158 -75.901834172447
42.130705084236 -75.90181125867
42.130620112315 -75.901788344894
42.130535140394 -75.901765431117
42.130450168473 -75.901742517341
42.130365196551 -75.901719603564
42.13028022463 -75.901696689788
42.130195252709 -75.901673776011
42.130110280788 -75.901650862235
42.129982132527 -75.901609606138
42.129904265054 -75.901589212276
42.129826397581 -75.901568818414
42.129748530109 -75.901548424552
42.129670662636 -75.90152803069
42.12958198802 -75.901556257487
42.129494201264 -75.90161049153
42.129377037316 -75.901715184842
42.129324074632 -75.901780369683
42.129271111948 -75.901845554525
42.129218149264 -75.901910739367
42.129153155615 -75.901986844385
42.129086398301 -75.902061551911
42.129022796603 -75.902133103822
42.128921005017 -75.902196831382
42.128852010034 -75.902223662765
42.128755281545 -75.902258239485
42.128659059653 -75.902338109799
42.128598119307 -75.902406219599
42.12853717896 -75.902474329398
42.128476238613 -75.902542439197
42.128415298266 -75.902610548997
42.128311615857 -75.902658045193
42.128243231713 -75.902666090387
42.128133019447 -75.902675702263
42.128056038894 -75.902681404526
42.12797905834 -75.90268710679
42.127870712602 -75.902740173633
42.127801425203 -75.902790347266
42.127732137805 -75.9028405209
42.127662850407 -75.902890694533
42.127576416792 -75.902961876789
42.127502833583 -75.903023753578
42.127429250375 -75.903085630367
42.127355667166 -75.903147507155
42.127282083958 -75.903209383944
42.127133654449 -75.903278809102
42.127057308897 -75.903287618204
42.126980963346 -75.903296427306
42.126904617795 -75.903305236408
42.126828272244 -75.90331404551
42.126751926692 -75.903322854612
42.126614010192 -75.903306253185
42.126538020384 -75.90328250637
42.126462030577 -75.903258759555
42.126386040769 -75.90323501274
42.126310050961 -75.903211265925
42.126234061153 -75.90318751911
42.126131472911 -75.903141797632
42.126052945822 -75.903103595265
42.125974418733 -75.903065392897
42.125895891644 -75.903027190529
42.125760160445 -75.90297071387
42.125680320891 -75.90293142774
42.125600481336 -75.90289214161
42.125520641781 -75.90285285548
42.125440802226 -75.90281356935
42.125360962672 -75.902774283219
42.125281123117 -75.902734997089
42.125201283562 -75.902695710959
42.125121444008 -75.902656424829
42.125041604453 -75.902617138699
42.124961764898 -75.902577852569
42.124881925344 -75.902538566439
42.124802085789 -75.902499280309
42.124722246234 -75.902459994179
42.124642406679 -75.902420708049
42.124533240188 -75.902306871446
42.124486480376 -75.902223742891
42.124439720565 -75.902140614337
42.124392960753 -75.902057485783
42.124346200941 -75.901974357228
42.124267170658 -75.901831899436
42.124224341317 -75.901753798872
42.124181511975 -75.901675698308
42.124088915202 -75.901546077158
42.124037830404 -75.901492154316
42.123986745606 -75.901438231473
42.123905438099 -75.90135124103
42.123850876199 -75.90129248206
42.123779144366 -75.901363408307
42.123728288732 -75.901456816614
42.123677433098 -75.901550224922
42.123626577464 -75.901643633229
42.123575721831 -75.901737041536
42.123524866197 -75.901830449843
42.123474010563 -75.90192385815
42.123423154929 -75.902017266457
42.123372299295 -75.902110674764
42.123313625139 -75.902265908587
42.123287250277 -75.902361817173
42.123260875416 -75.90245772576
42.123234500555 -75.902553634346
42.123200083222 -75.902667229527
42.123140006448 -75.902785283118
42.123090012896 -75.902870566236
42.123040019344 -75.902955849354
42.122947469059 -75.903043443851
42.122874938117 -75.903096887703
42.122802407176 -75.903150331554
42.122729876235 -75.903203775406
42.122657345294 -75.903257219257
42.122556500763 -75.90330317093
42.122473001526 -75.90333634186
42.122389502289 -75.903369512789
42.122306003052 -75.903402683719
42.122222503815 -75.903435854649
42.122139004578 -75.903469025578
42.122055505341 -75.903502196508
42.121972006104 -75.903535367438
42.121840066749 -75.903592635517
42.121770133498 -75.903625271034
42.121700200247 -75.903657906551
42.121630266997 -75.903690542068
42.121530226483 -75.903732847919
42.121450452967 -75.903765695837
42.12137067945 -75.903798543756
42.121290905934 -75.903831391674
42.121188701045 -75.903853007833
42.121107402089 -75.903866015666
42.121026103134 -75.903879023499
42.120933671066 -75.903854609137
42.120847342132 -75.903829218274
42.120761013198 -75.903803827411
42.120674684263 -75.903778436548
42.120588355329 -75.903753045685
42.120460691966 -75.903734930803
42.120411383933 -75.903739861607
42.120322257227 -75.903750967847
42.12019586167 -75.903810953722
42.120141723341 -75.903861907444
42.120087585011 -75.903912861166
42.12005 -75.903931498915
42.120076352119 -75.903814591523
42.120102704238 -75.903709183047
42.120129056357 -75.90360377457
42.120174183664 -75.903496904784
42.120218367328 -75.903393809567
42.120303376048 -75.903247408575
42.120356752095 -75.90317481715
42.120410128143 -75.903102225725
42.120463504191 -75.9030296343
42.120566779732 -75.902912252446
42.120633559464 -75.902844504891
42.120700339197 -75.902776757337
42.120767118929 -75.902709009782
42.120833898661 -75.902641262228
42.120900678393 -75.902573514674
42.120967458125 -75.902505767119
42.121034237858 -75.902438019565
42.12110101759 -75.90237027201
42.121167797322 -75.902302524456
42.121267698766 -75.902233087538
42.121345397531 -75.902186175075
42.121423096297 -75.902139262613
42.121500795063 -75.902092350151
42.121578493828 -75.902045437688
42.121656192594 -75.901998525226
42.121789090858 -75.90191132235
42.121858181716 -75.9018626447
42.121927272574 -75.901813967051
42.121996363431 -75.901765289401
42.122065454289 -75.901716611751
42.122134545147 -75.901667934101
42.122236818271 -75.901596138913
42.122313636543 -75.901542277826
42.122390454814 -75.90148841674
42.122467273085 -75.901434555653
42.122544091357 -75.901380694566
42.122620909628 -75.901326833479
42.122697727899 -75.901272972393
42.122774546171 -75.901219111306
42.122851364442 -75.901165250219
42.122928182713 -75.901111389132
42.123005000984 -75.901057528045
42.123108261453 -75.901004426612
42.123186522907 -75.900968853224
42.12326478436 -75.900933279836
42.123343045813 -75.900897706449
42.123446052041 -75.900876647097
42.123532104082 -75.900863294194
42.123618156122 -75.900849941291
42.123704208163 -75.900836588388
42.123790260204 -75.900823235486
42.123876312245 -75.900809882583
42.124009041522 -75.900787992779
42.124078083044 -75.900775985558
42.124147124566 -75.900763978336
42.124251567948 -75.90073162854
42.124333135895 -75.90070325708
42.124414703843 -75.90067488562
42.124496271791 -75.90064651416
42.124577839738 -75.9006181427
42.124697862404 -75.900603770134
42.124765724808 -75.900607540267
42.124887353209 -75.900631586942
42.124964706418 -75.900653173884
42.125042059628 -75.900674760826
42.125119412837 -75.900696347768
42.125196766046 -75.900717934711
42.125308941534 -75.900776781755
42.125377883068 -75.900823563511
42.125446824603 -75.900870345266
42.125515766137 -75.900917127021
42.125592557698 -75.900987183054
42.125665115396 -75.901054366107
42.125737673094 -75.901121549161
42.125859634635 -75.901209169482
42.125929269271 -75.901248338965
42.125998903906 -75.901287508447
42.126068538542 -75.90132667793
42.126186556804 -75.901371265779
42.126263113608 -75.901392531558
42.126339670412 -75.901413797337
42.126416227216 -75.901435063115
42.126549307948 -75.901457930795
42.126628615895 -75.90146586159
42.126707923843 -75.901473792384
42.12678723179 -75.901481723179
42.126866539738 -75.901489653974
42.126945847685 -75.901497584769
42.127049522171 -75.901483432881
42.127129044342 -75.901466865762
42.127208566513 -75.901450298643
42.127296350635 -75.901420394068
42.127382701269 -75.901390788136
42.127469051904 -75.901361182204
42.127555402539 -75.901331576272
42.127643935261 -75.901293628054
42.127727870521 -75.901257256108
42.127811805782 -75.901220884161
42.127927934738 -75.901184015356
42.127995869477 -75.901168030711
42.128105104062 -75.901169388008
42.128180208125 -75.901178776016
42.128255312187 -75.901188164023
42.128351916339 -75.901218247014
42.128433832679 -75.901246494027
42.128515749018 -75.901274741041
42.128643167319 -75.901308361616
42.128726334638 -75.901326723232
42.128809501956 -75.901345084847
42.128892669275 -75.901363446463
42.128975836594 -75.901381808079
42.129059003913 -75.901400169695
42.129142171231 -75.901418531311
42.12922533855 -75.901436892927
42.129308505869 -75.901455254542
42.129412495844 -75.901475966938
42.129494991689 -75.901491933875
42.129577487533 -75.901507900813
42.12971984527 -75.901541450968
42.12979969054 -75.901562901936
42.12987953581 -75.901584352904
42.129959381081 -75.901605803872
42.130039226351 -75.90162725484
42.130119071621 -75.901648705809
42.130198916891 -75.901670156777
42.130278762161 -75.901691607745
42.130393272956 -75.901723060203
42.130476545911 -75.901746120406
42.130559818867 -75.901769180609
42.130643091823 -75.901792240812
42.130726364779 -75.901815301016
42.130809637734 -75.901838361219
42.13089291069 -75.901861421422
42.13101432216 -75.901857365767
42.131068644319 -75.901834731534
42.131155622589 -75.901792188706
42.131231245178 -75.901754377411
42.131324020898 -75.901764003483
42.131408041797 -75.901778006966
42.131500681261 -75.901816978911
42.131581362522 -75.901853957823
42.131740049987 -75.901925904774
42.131820099975 -75.901961809548
42.131900149962 -75.901997714321
42.13198019995 -75.902033619095
42.132060249937 -75.902069523869
42.132140299925 -75.902105428643
42.132220349912 -75.902141333416
42.1323003999 -75.90217723819
42.132380449887 -75.902213142964
42.132460499875 -75.902249047738
42.132540549862 -75.902284952512
42.132620599849 -75.902320857285
42.132700649837 -75.902356762059
42.132780699824 -75.902392666833
42.132860749812 -75.902428571607
42.132940799799 -75.902464476381
42.133074087095 -75.902515453456
42.13312817419 -75.902530906911
42.133220154099 -75.902529062891
42.13332499309 -75.902494618574
42.13337998618 -75.902469237148
42.133462440657 -75.902401722053
42.133524881314 -75.902343444107
42.133609954052 -75.90224755552
42.133669908105 -75.90217511104
42.133729862157 -75.90210266656
42.13378981621 -75.90203022208
42.133866351219 -75.901967530821
42.133980599264 -75.901900163582
42.134061198527 -75.901860327165
42.134141797791 -75.901820490747
42.134222397054 -75.90178065433
42.134302996318 -75.901740817912
42.134383595581 -75.901700981494
42.134464194845 -75.901661145077
42.134544794108 -75.901621308659
42.134625393372 -75.901581472242
42.134705992635 -75.901541635824
42.134825126005 -75.901480316767
42.134880252009 -75.901450633534
42.134964519075 -75.901407740463
42.135084733963 -75.90138255086
42.135169467925 -75.901375101721
42.135254201888 -75.901367652581
42.135338935851 -75.901360203442
42.135423669813 -75.901352754302
42.135508403776 -75.901345305163
42.135593137739 -75.901337856023
42.135677871701 -75.901330406883
42.135762605664 -75.901322957744
42.135847339627 -75.901315508604
42.135965798424 -75.901315072584
42.136072311782 -75.901277496677
42.136124623564 -75.901234993354
42.136176935346 -75.901192490031
42.136242098554 -75.901106166952
42.136304197108 -75.901022333905
42.136366295662 -75.900938500857
42.136451832918 -75.900870614869
42.136523665836 -75.900821229737
42.136618720368 -75.900804751975
42.136730751982 -75.90084527998
42.136771503963 -75.900890559959
42.136860700401 -75.900854340562
42.136941400803 -75.900808681125
42.137022101204 -75.900763021687
42.137102801606 -75.900717362249
42.137183502007 -75.900671702812
42.137264202409 -75.900626043374
42.13734490281 -75.900580383936
42.137425603212 -75.900534724499
42.137506303613 -75.900489065061
42.137624852615 -75.90045447818
42.137709705229 -75.900438956361
42.137794557844 -75.900423434541
42.137879410458 -75.900407912721
42.137964263073 -75.900392390901
42.138049115688 -75.900376869082
42.138133968302 -75.900361347262
42.138218820917 -75.900345825442
42.138303673532 -75.900330303622
42.138441347058 -75.900291076601
42.138522694117 -75.900262153203
42.138604041175 -75.900233229804
42.138685388233 -75.900204306406
42.138766735292 -75.900175383007
42.13884808235 -75.900146459609
42.138929429408 -75.90011753621
42.139010776467 -75.900088612812
42.139092123525 -75.900059689413
42.139173470583 -75.900030766015
42.139254817642 -75.900001842616
42.13934543102 -75.89996689548
42.139430862041 -75.899933790959
42.139516293061 -75.899900686439
42.139601724082 -75.899867581918
42.139687155102 -75.899834477398
42.139772586123 -75.899801372877
42.139858017143 -75.899768268357
42.139943448164 -75.899735163836
42.140028879184 -75.899702059316
42.140142220667 -75.899657826696
42.140224441334 -75.899625653391
42.140306662001 -75.899593480087
42.140388882668 -75.899561306782
42.140471103335 -75.899529133478
42.140553324002 -75.899496960173
42.140635544669 -75.899464786869
42.140717765336 -75.899432613564
42.140834108831 -75.899426007774
42.140918217661 -75.899432015547
42.141002326492 -75.899438023321
42.141086435322 -75.899444031094
42.141170544153 -75.899450038868
42.141254652984 -75.899456046642
42.141383654441 -75.899408331959
42.141457308883 -75.899356663918
42.141530963324 -75.899304995877
42.141604617765 -75.899253327836
42.141678272206 -75.899201659795
42.141751926648 -75.899149991755
42.141825581089 -75.899098323714
42.14189923553 -75.899046655673
42.141972889972 -75.898994987632
42.142062700491 -75.898949529547
42.142145400981 -75.898909059094
42.142228101472 -75.898868588641
42.142310801963 -75.898828118189
42.142393502453 -75.898787647736
42.14252003354 -75.89876
42.14259006708 -75.89876
42.142660100619 -75.89876
42.142752442975 -75.898765496198
42.142892316447 -75.898730697583
42.142964632894 -75.898691395166
42.143036949341 -75.89865209275
42.143109265788 -75.898612790333
42.143181582234 -75.898573487916
42.143253898681 -75.898534185499
42.143355091951 -75.898478569958
42.143430183902 -75.898437139916
42.143505275854 -75.898395709874
42.143632154937 -75.898332030278
42.143694309875 -75.898304060556
42.143756464812 -75.898276090834
42.143853101224 -75.898233066123
42.143936202448 -75.898196132245
42.144019303672 -75.898159198368
42.144102404896 -75.898122264491
42.144185506119 -75.898085330614
42.144268607343 -75.898048396736
42.144351708567 -75.898011462859
42.144434809791 -75.897974528982
42.144517911015 -75.897937595104
42.144663410422 -75.897879711299
42.144746820843 -75.897849422599
42.144830231265 -75.897819133898
42.144913641687 -75.897788845198
42.144997052109 -75.897758556497
42.14508046253 -75.897728267796
42.145163872952 -75.897697979096
42.145247283374 -75.897667690395
42.145330693795 -75.897637401694
42.145414104217 -75.897607112994
42.145497514639 -75.897576824293
42.14558092506 -75.897546535593
42.145664335482 -75.897516246892
42.145747745904 -75.897485958191
42.145831156325 -75.897455669491
42.145914566747 -75.89742538079
42.145997977169 -75.89739509209
42.146081387591 -75.897364803389
42.146164798012 -75.897334514688
42.146248208434 -75.897304225988
42.146331618856 -75.897273937287
42.14645202381 -75.897238414787
42.146534047619 -75.897216829574
42.146616071429 -75.897195244361
42.146698095238 -75.897173659148
42.146780119048 -75.897152073935
42.146862142857 -75.897130488722
42.147020666563 -75.897071011161
42.147101333126 -75.897032022322
42.147181999689 -75.896993033484
42.147262666252 -75.896954044645
42.147343332815 -75.896915055806
42.147423999378 -75.896876066967
42.147504665941 -75.896837078129
42.147585332504 -75.89679808929
42.147665999067 -75.896759100451
42.14774666563 -75.896720111612
42.147827332193 -75.896681122774
42.147907998756 -75.896642133935
42.147988665319 -75.896603145096
42.148069331882 -75.896564156257
42.148149998445 -75.896525167418
42.148230665008 -75.89648617858
42.148311331571 -75.896447189741
42.148391998133 -75.896408200902
42.148472664696 -75.896369212063
42.148553331259 -75.896330223225
42.148633997822 -75.896291234386
42.148714664385 -75.896252245547
42.148825015426 -75.896210274327
42.148910030851 -75.896180548653
42.148995046277 -75.89615082298
42.149080061703 -75.896121097307
42.149165077129 -75.896091371633
42.149250092554 -75.89606164596
42.14933510798 -75.896031920287
42.149420123406 -75.896002194613
42.149505138831 -75.89597246894
42.149590154257 -75.895942743267
42.149675169683 -75.895913017593
42.149760185108 -75.89588329192
42.149845200534 -75.895853566247
42.14993021596 -75.895823840573
42.150015231386 -75.8957941149
42.150100246811 -75.895764389227
42.150235168351 -75.895749775253
42.150300336702 -75.895759550505
42.150365505054 -75.895769325758
42.150457532855 -75.895782157341
42.15054506571 -75.895794314682
42.150632598565 -75.895806472023
42.15072013142 -75.895818629364
42.150811421912 -75.895859203143
42.150892843824 -75.895898406286
42.150974265737 -75.895937609429
42.15108578036 -75.895959665393
42.151171560721 -75.895969330785
42.151257341081 -75.895978996178
42.151343121442 -75.895988661571
42.151428901802 -75.895998326964
42.151514682162 -75.896007992356
42.151600462523 -75.896017657749
42.151686242883 -75.896027323142
42.151796705561 -75.89603
42.151883411122 -75.89603
42.151970116682 -75.89603
42.152056822243 -75.89603
42.152143527804 -75.89603
42.152230233365 -75.89603
42.152316938926 -75.89603
42.152403644487 -75.89603
42.15254734573 -75.896005057137
42.15261469146 -75.895980114274
42.15268203719 -75.895955171411
42.15274938292 -75.895930228548
