42.15273 -75.89594
42.15264 -75.89597
42.15256 -75.89600
42.15241 -75.89603
42.15235 -75.89603
42.15228 -75.89603
42.15217 -75.89603
42.15208 -75.89603
42.15200 -75.89603
42.15192 -75.89603
42.15184 -75.89603
42.15175 -75.89603
42.15163 -75.89602
42.15154 -75.89601
42.15146 -75.89600
42.15138 -75.89599
42.15129 -75.89598
42.15121 -75.89597
42.15112 -75.89596
42.15104 -75.89595
42.15093 -75.89591
42.15085 -75.89588
42.15078 -75.89584
42.15065 -75.89581
42.15057 -75.89580
42.15049 -75.89579
42.15041 -75.89577
42.15033 -75.89576
42.15025 -75.89575
42.15009 -75.89577
42.15001 -75.89580
42.14992 -75.89583
42.14984 -75.89585
42.14976 -75.89588
42.14968 -75.89591
42.14960 -75.89594
42.14952 -75.89597
42.14943 -75.89600
42.14935 -75.89603
42.14927 -75.89605
42.14919 -75.89608
42.14911 -75.89611
42.14902 -75.89614
42.14894 -75.89617
42.14886 -75.89620
42.14878 -75.89623
42.14866 -75.89628
42.14858 -75.89632
42.14849 -75.89636
42.14841 -75.89640
42.14833 -75.89644
42.14825 -75.89648
42.14816 -75.89652
42.14808 -75.89656
42.14800 -75.89660
42.14792 -75.89664
42.14783 -75.89668
42.14775 -75.89672
42.14767 -75.89676
42.14759 -75.89680
42.14750 -75.89684
42.14742 -75.89687
42.14734 -75.89691
42.14726 -75.89695
42.14717 -75.89699
42.14709 -75.89703
42.14701 -75.89707
42.14693 -75.89711
42.14681 -75.89715
42.14673 -75.89717
42.14664 -75.89719
42.14656 -75.89721
42.14648 -75.89723
42.14640 -75.89725
42.14628 -75.89729
42.14620 -75.89732
42.14611 -75.89735
42.14603 -75.89738
42.14594 -75.89741
42.14586 -75.89745
42.14577 -75.89748
42.14569 -75.89751
42.14560 -75.89754
42.14552 -75.89757
42.14543 -75.89760
42.14535 -75.89763
42.14526 -75.89766
42.14518 -75.89769
42.14509 -75.89772
42.14501 -75.89775
42.14492 -75.89778
42.14484 -75.89782
42.14475 -75.89785
42.14467 -75.89788
42.14458 -75.89791
42.14450 -75.89795
42.14441 -75.89799
42.14433 -75.89802
42.14424 -75.89806
42.14416 -75.89810
42.14407 -75.89814
42.14399 -75.89817
42.14390 -75.89821
42.14382 -75.89825
42.14373 -75.89829
42.14365 -75.89832
42.14351 -75.89839
42.14346 -75.89843
42.14340 -75.89846
42.14332 -75.89850
42.14323 -75.89855
42.14315 -75.89859
42.14307 -75.89864
42.14298 -75.89868
42.14290 -75.89873
42.14275 -75.89877
42.14268 -75.89876
42.14262 -75.89876
42.14250 -75.89876
42.14246 -75.89876
42.14237 -75.89880
42.14229 -75.89884
42.14221 -75.89887
42.14213 -75.89891
42.14205 -75.89896
42.14191 -75.89904
42.14184 -75.89909
42.14176 -75.89914
42.14169 -75.89919
42.14162 -75.89924
42.14155 -75.89929
42.14147 -75.89935
42.14140 -75.89940
42.14133 -75.89945
42.14122 -75.89945
42.14114 -75.89945
42.14105 -75.89944
42.14097 -75.89944
42.14088 -75.89943
42.14079 -75.89942
42.14067 -75.89945
42.14058 -75.89949
42.14050 -75.89952
42.14042 -75.89955
42.14033 -75.89958
42.14025 -75.89962
42.14017 -75.89965
42.14008 -75.89968
42.14000 -75.89971
42.13992 -75.89975
42.13983 -75.89978
42.13975 -75.89981
42.13966 -75.89984
42.13958 -75.89988
42.13950 -75.89991
42.13941 -75.89994
42.13933 -75.89997
42.13918 -75.90003
42.13911 -75.90006
42.13903 -75.90008
42.13895 -75.90011
42.13888 -75.90014
42.13880 -75.90017
42.13872 -75.90019
42.13861 -75.90023
42.13853 -75.90026
42.13846 -75.90028
42.13839 -75.90031
42.13827 -75.90034
42.13819 -75.90035
42.13810 -75.90037
42.13802 -75.90038
42.13793 -75.90040
42.13785 -75.90041
42.13776 -75.90043
42.13768 -75.90045
42.13759 -75.90046
42.13746 -75.90051
42.13738 -75.90056
42.13731 -75.90060
42.13723 -75.90065
42.13715 -75.90069
42.13707 -75.90073
42.13700 -75.90078
42.13692 -75.90082
42.13684 -75.90086
42.13675 -75.90098
42.13673 -75.90106
42.13664 -75.90118
42.13658 -75.90122
42.13653 -75.90127
42.13643 -75.90134
42.13638 -75.90138
42.13629 -75.90137
42.13621 -75.90135
42.13612 -75.90133
42.13603 -75.90132
42.13594 -75.90131
42.13584 -75.90131
42.13577 -75.90132
42.13567 -75.90133
42.13558 -75.90134
42.13549 -75.90134
42.13541 -75.90135
42.13532 -75.90136
42.13523 -75.90137
42.13514 -75.90138
42.13505 -75.90139
42.13493 -75.90143
42.13486 -75.90146
42.13479 -75.90150
42.13469 -75.90155
42.13461 -75.90159
42.13453 -75.90163
42.13444 -75.90167
42.13436 -75.90171
42.13428 -75.90175
42.13420 -75.90179
42.13412 -75.90183
42.13404 -75.90187
42.13396 -75.90191
42.13385 -75.90198
42.13380 -75.90202
42.13373 -75.90211
42.13366 -75.90219
42.13360 -75.90226
42.13350 -75.90237
42.13344 -75.90242
42.13335 -75.90248
42.13329 -75.90251
42.13320 -75.90253
42.13309 -75.90252
42.13303 -75.90250
42.13294 -75.90246
42.13285 -75.90242
42.13277 -75.90239
42.13268 -75.90235
42.13260 -75.90231
42.13251 -75.90227
42.13243 -75.90223
42.13235 -75.90220
42.13226 -75.90216
42.13218 -75.90212
42.13209 -75.90208
42.13201 -75.90205
42.13192 -75.90201
42.13184 -75.90197
42.13176 -75.90193
42.13167 -75.90189
42.13159 -75.90186
42.13150 -75.90182
42.13136 -75.90177
42.13130 -75.90176
42.13124 -75.90175
42.13112 -75.90181
42.13105 -75.90184
42.13098 -75.90187
42.13088 -75.90186
42.13079 -75.90183
42.13071 -75.90181
42.13062 -75.90179
42.13054 -75.90177
42.13045 -75.90174
42.13037 -75.90172
42.13028 -75.90170
42.13020 -75.90167
42.13011 -75.90165
42.12998 -75.90161
42.12990 -75.90159
42.12983 -75.90157
42.12975 -75.90155
42.12967 -75.90153
42.12958 -75.90156
42.12949 -75.90161
42.12938 -75.90172
42.12932 -75.90178
42.12927 -75.90185
42.12922 -75.90191
42.12915 -75.90199
42.12909 -75.90206
42.12902 -75.90213
42.12892 -75.90220
42.12885 -75.90222
42.12876 -75.90226
42.12866 -75.90234
42.12860 -75.90241
42.12854 -75.90247
42.12848 -75.90254
42.12842 -75.90261
42.12831 -75.90266
42.12824 -75.90267
42.12813 -75.90268
42.12806 -75.90268
42.12798 -75.90269
42.12787 -75.90274
42.12780 -75.90279
42.12773 -75.90284
42.12766 -75.90289
42.12758 -75.90296
42.12750 -75.90302
42.12743 -75.90309
42.12736 -75.90315
42.12728 -75.90321
42.12713 -75.90328
42.12706 -75.90329
42.12698 -75.90330
42.12690 -75.90331
42.12683 -75.90331
42.12675 -75.90332
42.12661 -75.90331
42.12654 -75.90328
42.12646 -75.90326
42.12639 -75.90324
42.12631 -75.90321
42.12623 -75.90319
42.12613 -75.90314
42.12605 -75.90310
42.12597 -75.90307
42.12590 -75.90303
42.12576 -75.90297
42.12568 -75.90293
42.12560 -75.90289
42.12552 -75.90285
42.12544 -75.90281
42.12536 -75.90277
42.12528 -75.90273
42.12520 -75.90270
42.12512 -75.90266
42.12504 -75.90262
42.12496 -75.90258
42.12488 -75.90254
42.12480 -75.90250
42.12472 -75.90246
42.12464 -75.90242
42.12453 -75.90231
42.12449 -75.90222
42.12444 -75.90214
42.12439 -75.90206
42.12435 -75.90197
42.12427 -75.90183
42.12422 -75.90175
42.12418 -75.90168
42.12409 -75.90155
42.12404 -75.90149
42.12399 -75.90144
42.12391 -75.90135
42.12385 -75.90129
42.12378 -75.90136
42.12373 -75.90146
42.12368 -75.90155
42.12363 -75.90164
42.12358 -75.90174
42.12352 -75.90183
42.12347 -75.90192
42.12342 -75.90202
42.12337 -75.90211
42.12331 -75.90227
42.12329 -75.90236
42.12326 -75.90246
42.12323 -75.90255
42.12320 -75.90267
42.12314 -75.90279
42.12309 -75.90287
42.12304 -75.90296
42.12295 -75.90304
42.12287 -75.90310
42.12280 -75.90315
42.12273 -75.90320
42.12266 -75.90326
42.12256 -75.90330
42.12247 -75.90334
42.12239 -75.90337
42.12231 -75.90340
42.12222 -75.90344
42.12214 -75.90347
42.12206 -75.90350
42.12197 -75.90354
42.12184 -75.90359
42.12177 -75.90363
42.12170 -75.90366
42.12163 -75.90369
42.12153 -75.90373
42.12145 -75.90377
42.12137 -75.90380
42.12129 -75.90383
42.12119 -75.90385
42.12111 -75.90387
42.12103 -75.90388
42.12093 -75.90385
42.12085 -75.90383
42.12076 -75.90380
42.12067 -75.90378
42.12059 -75.90375
42.12046 -75.90373
42.12041 -75.90374
42.12032 -75.90375
42.12020 -75.90381
42.12014 -75.90386
42.12009 -75.90391
42.12005 -75.90393
42.12008 -75.90381
42.12010 -75.90371
42.12013 -75.90360
42.12017 -75.90350
42.12022 -75.90339
42.12030 -75.90325
42.12036 -75.90317
42.12041 -75.90310
42.12046 -75.90303
42.12057 -75.90291
42.12063 -75.90284
42.12070 -75.90278
42.12077 -75.90271
42.12083 -75.90264
42.12090 -75.90257
42.12097 -75.90251
42.12103 -75.90244
42.12110 -75.90237
42.12117 -75.90230
42.12127 -75.90223
42.12135 -75.90219
42.12142 -75.90214
42.12150 -75.90209
42.12158 -75.90205
42.12166 -75.90200
42.12179 -75.90191
42.12186 -75.90186
42.12193 -75.90181
42.12200 -75.90177
42.12207 -75.90172
42.12213 -75.90167
42.12224 -75.90160
42.12231 -75.90154
42.12239 -75.90149
42.12247 -75.90143
42.12254 -75.90138
42.12262 -75.90133
42.12270 -75.90127
42.12277 -75.90122
42.12285 -75.90117
42.12293 -75.90111
42.12301 -75.90106
42.12311 -75.90100
42.12319 -75.90097
42.12326 -75.90093
42.12334 -75.90090
42.12345 -75.90088
42.12353 -75.90086
42.12362 -75.90085
42.12370 -75.90084
42.12379 -75.90082
42.12388 -75.90081
42.12401 -75.90079
42.12408 -75.90078
42.12415 -75.90076
42.12425 -75.90073
42.12433 -75.90070
42.12441 -75.90067
42.12450 -75.90065
42.12458 -75.90062
42.12470 -75.90060
42.12477 -75.90061
42.12489 -75.90063
42.12496 -75.90065
42.12504 -75.90067
42.12512 -75.90070
42.12520 -75.90072
42.12531 -75.90078
42.12538 -75.90082
42.12545 -75.90087
42.12552 -75.90092
42.12559 -75.90099
42.12567 -75.90105
42.12574 -75.90112
42.12586 -75.90121
42.12593 -75.90125
42.12600 -75.90129
42.12607 -75.90133
42.12619 -75.90137
42.12626 -75.90139
42.12634 -75.90141
42.12642 -75.90144
42.12655 -75.90146
42.12663 -75.90147
42.12671 -75.90147
42.12679 -75.90148
42.12687 -75.90149
42.12695 -75.90150
42.12705 -75.90148
42.12713 -75.90147
42.12721 -75.90145
42.12730 -75.90142
42.12738 -75.90139
42.12747 -75.90136
42.12756 -75.90133
42.12764 -75.90129
42.12773 -75.90126
42.12781 -75.90122
42.12793 -75.90118
42.12800 -75.90117
42.12811 -75.90117
42.12818 -75.90118
42.12826 -75.90119
42.12835 -75.90122
42.12843 -75.90125
42.12852 -75.90127
42.12864 -75.90131
42.12873 -75.90133
42.12881 -75.90135
42.12889 -75.90136
42.12898 -75.90138
42.12906 -75.90140
42.12914 -75.90142
42.12923 -75.90144
42.12931 -75.90146
42.12941 -75.90148
42.12949 -75.90149
42.12958 -75.90151
42.12972 -75.90154
42.12980 -75.90156
42.12988 -75.90158
42.12996 -75.90161
42.13004 -75.90163
42.13012 -75.90165
42.13020 -75.90167
42.13028 -75.90169
42.13039 -75.90172
42.13048 -75.90175
42.13056 -75.90177
42.13064 -75.90179
42.13073 -75.90182
42.13081 -75.90184
42.13089 -75.90186
42.13101 -75.90186
42.13107 -75.90183
42.13116 -75.90179
42.13123 -75.90175
42.13132 -75.90176
42.13141 -75.90178
42.13150 -75.90182
42.13158 -75.90185
42.13174 -75.90193
42.13182 -75.90196
42.13190 -75.90200
42.13198 -75.90203
42.13206 -75.90207
42.13214 -75.90211
42.13222 -75.90214
42.13230 -75.90218
42.13238 -75.90221
42.13246 -75.90225
42.13254 -75.90228
42.13262 -75.90232
42.13270 -75.90236
42.13278 -75.90239
42.13286 -75.90243
42.13294 -75.90246
42.13307 -75.90252
42.13313 -75.90253
42.13322 -75.90253
42.13332 -75.90249
42.13338 -75.90247
42.13346 -75.90240
42.13352 -75.90234
42.13361 -75.90225
42.13367 -75.90218
42.13373 -75.90210
42.13379 -75.90203
42.13387 -75.90197
42.13398 -75.90190
42.13406 -75.90186
42.13414 -75.90182
42.13422 -75.90178
42.13430 -75.90174
42.13438 -75.90170
42.13446 -75.90166
42.13454 -75.90162
42.13463 -75.90158
42.13471 -75.90154
42.13483 -75.90148
42.13488 -75.90145
42.13496 -75.90141
42.13508 -75.90138
42.13517 -75.90138
42.13525 -75.90137
42.13534 -75.90136
42.13542 -75.90135
42.13551 -75.90135
42.13559 -75.90134
42.13568 -75.90133
42.13576 -75.90132
42.13585 -75.90132
42.13597 -75.90132
42.13607 -75.90128
42.13612 -75.90123
42.13618 -75.90119
42.13624 -75.90111
42.13630 -75.90102
42.13637 -75.90094
42.13645 -75.90087
42.13652 -75.90082
42.13662 -75.90080
42.13673 -75.90085
42.13677 -75.90089
42.13686 -75.90085
42.13694 -75.90081
42.13702 -75.90076
42.13710 -75.90072
42.13718 -75.90067
42.13726 -75.90063
42.13734 -75.90058
42.13743 -75.90053
42.13751 -75.90049
42.13762 -75.90045
42.13771 -75.90044
42.13779 -75.90042
42.13788 -75.90041
42.13796 -75.90039
42.13805 -75.90038
42.13813 -75.90036
42.13822 -75.90035
42.13830 -75.90033
42.13844 -75.90029
42.13852 -75.90026
42.13860 -75.90023
42.13869 -75.90020
42.13877 -75.90018
42.13885 -75.90015
42.13893 -75.90012
42.13901 -75.90009
42.13909 -75.90006
42.13917 -75.90003
42.13925 -75.90000
42.13935 -75.89997
42.13943 -75.89993
42.13952 -75.89990
42.13960 -75.89987
42.13969 -75.89983
42.13977 -75.89980
42.13986 -75.89977
42.13994 -75.89974
42.14003 -75.89970
42.14014 -75.89966
42.14022 -75.89963
42.14031 -75.89959
42.14039 -75.89956
42.14047 -75.89953
42.14055 -75.89950
42.14064 -75.89946
42.14072 -75.89943
42.14083 -75.89943
42.14092 -75.89943
42.14100 -75.89944
42.14109 -75.89944
42.14117 -75.89945
42.14125 -75.89946
42.14138 -75.89941
42.14146 -75.89936
42.14153 -75.89930
42.14160 -75.89925
42.14168 -75.89920
42.14175 -75.89915
42.14183 -75.89910
42.14190 -75.89905
42.14197 -75.89899
42.14206 -75.89895
42.14215 -75.89891
42.14223 -75.89887
42.14231 -75.89883
42.14239 -75.89879
42.14252 -75.89876
42.14259 -75.89876
42.14266 -75.89876
42.14275 -75.89877
42.14289 -75.89873
42.14296 -75.89869
42.14304 -75.89865
42.14311 -75.89861
42.14318 -75.89857
42.14325 -75.89853
42.14336 -75.89848
42.14343 -75.89844
42.14351 -75.89840
42.14363 -75.89833
42.14369 -75.89830
42.14376 -75.89828
42.14385 -75.89823
42.14394 -75.89820
42.14402 -75.89816
42.14410 -75.89812
42.14419 -75.89809
42.14427 -75.89805
42.14435 -75.89801
42.14443 -75.89797
42.14452 -75.89794
42.14466 -75.89788
42.14475 -75.89785
42.14483 -75.89782
42.14491 -75.89779
42.14500 -75.89776
42.14508 -75.89773
42.14516 -75.89770
42.14525 -75.89767
42.14533 -75.89764
42.14541 -75.89761
42.14550 -75.89758
42.14558 -75.89755
42.14566 -75.89752
42.14575 -75.89749
42.14583 -75.89746
42.14591 -75.89743
42.14600 -75.89740
42.14608 -75.89736
42.14616 -75.89733
42.14625 -75.89730
42.14633 -75.89727
42.14645 -75.89724
42.14653 -75.89722
42.14662 -75.89720
42.14670 -75.89717
42.14678 -75.89715
42.14686 -75.89713
42.14702 -75.89707
42.14710 -75.89703
42.14718 -75.89699
42.14726 -75.89695
42.14734 -75.89692
42.14742 -75.89688
42.14750 -75.89684
42.14759 -75.89680
42.14767 -75.89676
42.14775 -75.89672
42.14783 -75.89668
42.14791 -75.89664
42.14799 -75.89660
42.14807 -75.89656
42.14815 -75.89653
42.14823 -75.89649
42.14831 -75.89645
42.14839 -75.89641
42.14847 -75.89637
42.14855 -75.89633
42.14863 -75.89629
42.14871 -75.89625
42.14883 -75.89621
42.14891 -75.89618
42.14900 -75.89615
42.14908 -75.89612
42.14917 -75.89609
42.14925 -75.89606
42.14934 -75.89603
42.14942 -75.89600
42.14951 -75.89597
42.14959 -75.89594
42.14968 -75.89591
42.14976 -75.89588
42.14985 -75.89585
42.14993 -75.89582
42.15002 -75.89579
42.15010 -75.89576
42.15024 -75.89575
42.15030 -75.89576
42.15037 -75.89577
42.15046 -75.89578
42.15055 -75.89579
42.15063 -75.89581
42.15072 -75.89582
42.15081 -75.89586
42.15089 -75.89590
42.15097 -75.89594
42.15109 -75.89596
42.15117 -75.89597
42.15126 -75.89598
42.15134 -75.89599
42.15143 -75.89600
42.15151 -75.89601
42.15160 -75.89602
42.15169 -75.89603
42.15180 -75.89603
42.15188 -75.89603
42.15197 -75.89603
42.15206 -75.89603
42.15214 -75.89603
42.15223 -75.89603
42.15232 -75.89603
42.15240 -75.89603
42.15255 -75.89601
42.15261 -75.89598
42.15268 -75.89596
42.15275 -75.89593
